[gd_scene format=3 uid="uid://dlj3g5vv72pc7"]

[ext_resource type="Script" uid="uid://cb1iphgayceoq" path="res://Player_Controller/Character_Controller.gd" id="1_fxl4k"]
[ext_resource type="ArrayMesh" uid="uid://bqudvvv37kkbu" path="res://Player_Controller/Player_Humanoid_Model.tres" id="2_c4q1s"]
[ext_resource type="Script" uid="uid://dqlj4yjfr8wid" path="res://Player_Controller/Movement_Sounds/Movement_Sounds.gd" id="2_owrl4"]
[ext_resource type="Script" uid="uid://bd0cnshsbo5xy" path="res://Player_Controller/Camera_Motion_Handler.gd" id="2_we36x"]
[ext_resource type="Resource" uid="uid://cmiuyr0thgkuo" path="res://Player_Controller/Movement_Sounds/Default_Sound_List.tres" id="3_urfmw"]
[ext_resource type="Script" uid="uid://bs1ts5yps1soa" path="res://Player_Controller/Perspective_Handler.gd" id="3_v31l3"]
[ext_resource type="Animation" uid="uid://chag0s7msoovt" path="res://Player_Controller/Animations/Player_Walk_Formal.res" id="6_ipmnv"]
[ext_resource type="Animation" uid="uid://dmuxh2afb8ayn" path="res://Player_Controller/Animations/Player_Idle.res" id="6_koxp4"]
[ext_resource type="Script" uid="uid://dw6m8dheh3nxy" path="res://Player_Controller/Speed_Scaler.gd" id="7_aucui"]
[ext_resource type="Animation" uid="uid://7k80ga2asuri" path="res://Player_Controller/Animations/Player_Walk.res" id="7_qvnod"]
[ext_resource type="Animation" uid="uid://b42hls51ee7p1" path="res://Player_Controller/Animations/Player_Sprint.res" id="7_uvpqg"]
[ext_resource type="Animation" uid="uid://cimr21ocbqf3p" path="res://Player_Controller/Animations/Player_Jump_Loop.res" id="8_qvnod"]
[ext_resource type="Animation" uid="uid://mhmsknds62mt" path="res://Player_Controller/Animations/Player_Jump_Start.res" id="9_nk7ye"]
[ext_resource type="Animation" uid="uid://1enojcuqjvub" path="res://Player_Controller/Animations/Player_Crouch_Idle.res" id="10_koxp4"]
[ext_resource type="Animation" uid="uid://bued54jprgi45" path="res://Player_Controller/Animations/Player_Crouch_Walk.res" id="11_3cq5f"]
[ext_resource type="Script" uid="uid://cywvgpiqmb6c2" path="res://Player_Controller/Crouch_Handler.gd" id="13_3cq5f"]
[ext_resource type="Script" uid="uid://dtvv3py18xuuk" path="res://Player_Controller/Sprint_Handler.gd" id="14_3heh4"]

[sub_resource type="CapsuleShape3D" id="CapsuleShape3D_fxl4k"]

[sub_resource type="SphereShape3D" id="SphereShape3D_v31l3"]
radius = 0.1

[sub_resource type="AnimationNodeAnimation" id="AnimationNodeAnimation_3cq5f"]
animation = &"Player_Crouch_Walk"

[sub_resource type="AnimationNodeTimeScale" id="AnimationNodeTimeScale_3heh4"]

[sub_resource type="AnimationNodeBlendTree" id="AnimationNodeBlendTree_c4q1s"]
nodes/output/position = Vector2(540, 160)
nodes/Character_Speed_Scale/node = SubResource("AnimationNodeTimeScale_3heh4")
nodes/Character_Speed_Scale/position = Vector2(260, 160)
nodes/Animation/node = SubResource("AnimationNodeAnimation_3cq5f")
nodes/Animation/position = Vector2(20, 160)
node_connections = [&"output", 0, &"Character_Speed_Scale", &"Character_Speed_Scale", 0, &"Animation"]

[sub_resource type="AnimationNodeAnimation" id="AnimationNodeAnimation_3heh4"]
animation = &"Player_Crouch_Idle"

[sub_resource type="AnimationNodeAnimation" id="AnimationNodeAnimation_qvnod"]
animation = &"Player_Idle"

[sub_resource type="AnimationNodeAnimation" id="AnimationNodeAnimation_nk7ye"]
animation = &"Player_Jump_Loop"

[sub_resource type="AnimationNodeAnimation" id="AnimationNodeAnimation_koxp4"]
animation = &"Player_Jump_Start"

[sub_resource type="AnimationNodeAnimation" id="AnimationNodeAnimation_ipmnv"]
animation = &"Player_Sprint"

[sub_resource type="AnimationNodeTimeScale" id="AnimationNodeTimeScale_uvpqg"]

[sub_resource type="AnimationNodeBlendTree" id="AnimationNodeBlendTree_qvnod"]
graph_offset = Vector2(-604, 93)
nodes/output/position = Vector2(400, 120)
nodes/Animation/node = SubResource("AnimationNodeAnimation_ipmnv")
nodes/Animation/position = Vector2(-140, 120)
nodes/Character_Speed_Scale/node = SubResource("AnimationNodeTimeScale_uvpqg")
nodes/Character_Speed_Scale/position = Vector2(120, 120)
node_connections = [&"output", 0, &"Character_Speed_Scale", &"Character_Speed_Scale", 0, &"Animation"]

[sub_resource type="AnimationNodeTimeScale" id="AnimationNodeTimeScale_o7v11"]

[sub_resource type="AnimationNodeAnimation" id="AnimationNodeAnimation_uvpqg"]
animation = &"Player_Walk"

[sub_resource type="AnimationNodeBlendTree" id="AnimationNodeBlendTree_ipmnv"]
graph_offset = Vector2(-404.8917, -202.89445)
nodes/output/position = Vector2(480, 160)
nodes/walk/node = SubResource("AnimationNodeAnimation_uvpqg")
nodes/walk/position = Vector2(-60, 160)
nodes/Character_Speed_Scale/node = SubResource("AnimationNodeTimeScale_o7v11")
nodes/Character_Speed_Scale/position = Vector2(160, 120)
node_connections = [&"output", 0, &"Character_Speed_Scale", &"Character_Speed_Scale", 0, &"walk"]

[sub_resource type="AnimationNodeStateMachineTransition" id="AnimationNodeStateMachineTransition_nk7ye"]
advance_mode = 2

[sub_resource type="AnimationNodeStateMachineTransition" id="AnimationNodeStateMachineTransition_o7v11"]
xfade_time = 0.15
advance_mode = 2
advance_expression = "velocity.length() >= 0.5 and is_on_floor()"

[sub_resource type="AnimationNodeStateMachineTransition" id="AnimationNodeStateMachineTransition_aucui"]
xfade_time = 0.15
advance_mode = 2
advance_expression = "velocity.length() < 0.5 and is_on_floor()"

[sub_resource type="AnimationNodeStateMachineTransition" id="AnimationNodeStateMachineTransition_koxp4"]
xfade_time = 0.15
advance_mode = 2
advance_expression = "sprinting == true and is_on_floor() and velocity.length() >= 0.5"

[sub_resource type="AnimationNodeStateMachineTransition" id="AnimationNodeStateMachineTransition_3cq5f"]
xfade_time = 0.15
advance_mode = 2
advance_expression = "sprinting == true and is_on_floor() and velocity.length() >= 0.5"

[sub_resource type="AnimationNodeStateMachineTransition" id="AnimationNodeStateMachineTransition_3heh4"]
xfade_time = 0.15
advance_mode = 2
advance_expression = "sprinting == false and is_on_floor() and velocity.length() >= 0.5"

[sub_resource type="AnimationNodeStateMachineTransition" id="AnimationNodeStateMachineTransition_c4q1s"]
xfade_time = 0.15
advance_mode = 2
advance_expression = "is_on_floor() and velocity.length() < 0.5"

[sub_resource type="AnimationNodeStateMachineTransition" id="AnimationNodeStateMachineTransition_qvnod"]
xfade_time = 0.05
advance_mode = 2
advance_expression = "jumping and not is_on_floor()"

[sub_resource type="AnimationNodeStateMachineTransition" id="AnimationNodeStateMachineTransition_we36x"]
switch_mode = 2
advance_mode = 2

[sub_resource type="AnimationNodeStateMachineTransition" id="AnimationNodeStateMachineTransition_v31l3"]
xfade_time = 0.05
advance_mode = 2
advance_expression = "jumping and not is_on_floor()"

[sub_resource type="AnimationNodeStateMachineTransition" id="AnimationNodeStateMachineTransition_g65fp"]
xfade_time = 0.05
advance_mode = 2
advance_expression = "jumping and not is_on_floor()"

[sub_resource type="AnimationNodeStateMachineTransition" id="AnimationNodeStateMachineTransition_ettme"]
xfade_time = 0.1
advance_mode = 2
advance_expression = "velocity.length() < 0.5 and is_on_floor()"

[sub_resource type="AnimationNodeStateMachineTransition" id="AnimationNodeStateMachineTransition_c2pqu"]
xfade_time = 0.1
advance_mode = 2
advance_expression = "velocity.length() > 0.5 and sprinting == true and is_on_floor()"

[sub_resource type="AnimationNodeStateMachineTransition" id="AnimationNodeStateMachineTransition_3eg4b"]
xfade_time = 0.1
advance_mode = 2
advance_expression = "velocity.length() > 0.5 and sprinting == false and is_on_floor()"

[sub_resource type="AnimationNodeStateMachineTransition" id="AnimationNodeStateMachineTransition_jekra"]
xfade_time = 0.1
advance_mode = 2
advance_expression = "velocity.length() < 0.5 and is_on_floor()"

[sub_resource type="AnimationNodeStateMachineTransition" id="AnimationNodeStateMachineTransition_p865i"]
xfade_time = 0.15
advance_mode = 2
advance_expression = "crouching == true and velocity.length() >= 0.5 and is_on_floor()"

[sub_resource type="AnimationNodeStateMachineTransition" id="AnimationNodeStateMachineTransition_3vg7h"]
xfade_time = 0.15
advance_mode = 2
advance_expression = "crouching == true and velocity.length() <= 0.5 and is_on_floor()"

[sub_resource type="AnimationNodeStateMachineTransition" id="AnimationNodeStateMachineTransition_v5uqn"]
xfade_time = 0.15
advance_mode = 2
advance_expression = "crouching == false and velocity.length() < 0.5 and is_on_floor()"

[sub_resource type="AnimationNodeStateMachineTransition" id="AnimationNodeStateMachineTransition_u8x4s"]
xfade_time = 0.15
advance_mode = 2
advance_expression = "crouching == true and velocity.length() > 0.5 and is_on_floor()"

[sub_resource type="AnimationNodeStateMachineTransition" id="AnimationNodeStateMachineTransition_bu4q7"]
xfade_time = 0.15
advance_mode = 2
advance_expression = "crouching == false and velocity.length() < 0.5 and is_on_floor()"

[sub_resource type="AnimationNodeStateMachineTransition" id="AnimationNodeStateMachineTransition_1qgle"]
xfade_time = 0.15
advance_mode = 2
advance_expression = "crouching == true and velocity.length() >= 0.25 and is_on_floor()"

[sub_resource type="AnimationNodeStateMachineTransition" id="AnimationNodeStateMachineTransition_nt7wj"]
xfade_time = 0.15
advance_mode = 2
advance_expression = "crouching == false and velocity.length() >= 0.5 and is_on_floor()"

[sub_resource type="AnimationNodeStateMachineTransition" id="AnimationNodeStateMachineTransition_bmmab"]
xfade_time = 0.15
advance_mode = 2
advance_expression = "crouching == true and velocity.length() < 0.5 and is_on_floor()"

[sub_resource type="AnimationNodeStateMachineTransition" id="AnimationNodeStateMachineTransition_tie3i"]
xfade_time = 0.1
advance_mode = 2
advance_expression = "crouching == true and velocity.length() < 0.5 and is_on_floor()"

[sub_resource type="AnimationNodeStateMachineTransition" id="AnimationNodeStateMachineTransition_0l51y"]
xfade_time = 0.1
advance_mode = 2
advance_expression = "crouching == true and velocity.length() > 0.5 and is_on_floor() and sprinting == true"

[sub_resource type="AnimationNodeStateMachineTransition" id="AnimationNodeStateMachineTransition_ps30c"]
xfade_time = 0.15
advance_mode = 2
advance_expression = "velocity.length() > 0.5 and is_on_floor() == true"

[sub_resource type="AnimationNodeStateMachineTransition" id="AnimationNodeStateMachineTransition_y8qv3"]
xfade_time = 0.05
switch_mode = 1
advance_mode = 2
advance_expression = "jumping and is_on_floor()"

[sub_resource type="AnimationNodeStateMachine" id="AnimationNodeStateMachine_3cq5f"]
"states/Crouch Walk/node" = SubResource("AnimationNodeBlendTree_c4q1s")
"states/Crouch Walk/position" = Vector2(-22, 366.92508)
states/Crouch_Idle/node = SubResource("AnimationNodeAnimation_3heh4")
states/Crouch_Idle/position = Vector2(-170, 263.92508)
states/End/position = Vector2(1006, -22)
states/Idle/node = SubResource("AnimationNodeAnimation_qvnod")
states/Idle/position = Vector2(-33, 42)
states/Jump_Loop/node = SubResource("AnimationNodeAnimation_nk7ye")
states/Jump_Loop/position = Vector2(436, -84)
states/Jump_Start/node = SubResource("AnimationNodeAnimation_koxp4")
states/Jump_Start/position = Vector2(151, -153)
states/Sprint/node = SubResource("AnimationNodeBlendTree_qvnod")
states/Sprint/position = Vector2(817, 203)
states/Start/position = Vector2(-142, 106)
states/Walk/node = SubResource("AnimationNodeBlendTree_ipmnv")
states/Walk/position = Vector2(243, 441)
transitions = ["Start", "Idle", SubResource("AnimationNodeStateMachineTransition_nk7ye"), "Idle", "Walk", SubResource("AnimationNodeStateMachineTransition_o7v11"), "Walk", "Idle", SubResource("AnimationNodeStateMachineTransition_aucui"), "Idle", "Sprint", SubResource("AnimationNodeStateMachineTransition_koxp4"), "Walk", "Sprint", SubResource("AnimationNodeStateMachineTransition_3cq5f"), "Sprint", "Walk", SubResource("AnimationNodeStateMachineTransition_3heh4"), "Sprint", "Idle", SubResource("AnimationNodeStateMachineTransition_c4q1s"), "Idle", "Jump_Start", SubResource("AnimationNodeStateMachineTransition_qvnod"), "Jump_Start", "Jump_Loop", SubResource("AnimationNodeStateMachineTransition_we36x"), "Walk", "Jump_Start", SubResource("AnimationNodeStateMachineTransition_v31l3"), "Sprint", "Jump_Start", SubResource("AnimationNodeStateMachineTransition_g65fp"), "Jump_Start", "Idle", SubResource("AnimationNodeStateMachineTransition_ettme"), "Jump_Loop", "Sprint", SubResource("AnimationNodeStateMachineTransition_c2pqu"), "Jump_Loop", "Walk", SubResource("AnimationNodeStateMachineTransition_3eg4b"), "Jump_Loop", "Idle", SubResource("AnimationNodeStateMachineTransition_jekra"), "Idle", "Crouch Walk", SubResource("AnimationNodeStateMachineTransition_p865i"), "Idle", "Crouch_Idle", SubResource("AnimationNodeStateMachineTransition_3vg7h"), "Crouch_Idle", "Idle", SubResource("AnimationNodeStateMachineTransition_v5uqn"), "Crouch_Idle", "Crouch Walk", SubResource("AnimationNodeStateMachineTransition_u8x4s"), "Crouch Walk", "Idle", SubResource("AnimationNodeStateMachineTransition_bu4q7"), "Walk", "Crouch Walk", SubResource("AnimationNodeStateMachineTransition_1qgle"), "Crouch Walk", "Walk", SubResource("AnimationNodeStateMachineTransition_nt7wj"), "Crouch Walk", "Crouch_Idle", SubResource("AnimationNodeStateMachineTransition_bmmab"), "Sprint", "Crouch_Idle", SubResource("AnimationNodeStateMachineTransition_tie3i"), "Sprint", "Crouch Walk", SubResource("AnimationNodeStateMachineTransition_0l51y"), "Jump_Start", "Walk", SubResource("AnimationNodeStateMachineTransition_ps30c"), "Jump_Loop", "Jump_Start", SubResource("AnimationNodeStateMachineTransition_y8qv3")]
graph_offset = Vector2(-422, 38.92508)

[sub_resource type="AudioStreamRandomizer" id="AudioStreamRandomizer_owrl4"]

[sub_resource type="Skin" id="Skin_n6c7l"]
resource_name = "Skin"
bind_count = 66
bind/0/name = &"root"
bind/0/bone = -1
bind/0/pose = Transform3D(1, 1.471277e-23, -4.298392e-16, -4.298392e-16, 3.4228545e-08, -1, 1.471277e-23, 1, 3.4228545e-08, 0, 0, 0)
bind/1/name = &"DEF-hips"
bind/1/bone = -1
bind/1/pose = Transform3D(1, 1.7049619e-08, -6.6122986e-08, 1.6401457e-15, 0.96832824, 0.24968058, 6.828571e-08, -0.24968058, 0.96832824, -1.8942158e-08, -0.87515754, 0.27739558)
bind/2/name = &"DEF-spine001"
bind/2/bone = -1
bind/2/pose = Transform3D(1, 3.4187117e-08, -2.7687156e-07, -4.475032e-15, 0.9924629, 0.12254577, 2.7897423e-07, -0.122545764, 0.9924628, -4.1464993e-08, -1.0067538, 0.14863375)
bind/3/name = &"DEF-spine002"
bind/3/bone = -1
bind/3/pose = Transform3D(1, -5.179297e-09, -1.6251268e-07, -2.0894626e-14, 0.9994927, -0.03185408, 1.625952e-07, 0.031854093, 0.9994926, 4.454007e-09, -1.1401865, -0.02739339)
bind/4/name = &"DEF-spine003"
bind/4/bone = -1
bind/4/pose = Transform3D(1, -3.0100708e-08, -1.3538306e-07, -1.5261918e-14, 0.9761634, -0.21703762, 1.3868897e-07, 0.21703768, 0.9761633, 3.675992e-08, -1.2540466, -0.26505312)
bind/5/name = &"DEF-neck"
bind/5/bone = -1
bind/5/pose = Transform3D(1, 7.121574e-08, -1.3173776e-07, -1.1255179e-14, 0.8796897, 0.4755486, 1.4975488e-07, -0.4755486, 0.8796896, -1.10196154e-07, -1.2531533, 0.7358434)
bind/6/name = &"DEF-head"
bind/6/bone = -1
bind/6/pose = Transform3D(1, 1.4047049e-08, -1.616442e-07, -3.9862535e-15, 0.9962456, 0.08657475, 1.6225343e-07, -0.08657471, 0.9962455, -2.0185952e-08, -1.5635908, 0.12441002)
bind/7/name = &"DEF-headtip"
bind/7/bone = -1
bind/7/pose = Transform3D(1, -1.7860974e-09, -2.3841183e-07, 1.4379721e-14, 0.99997216, -0.007491335, 2.3841854e-07, 0.007491382, 0.99997205, 7.0903385e-09, -1.6378616, -0.029738922)
bind/8/name = &"DEF-shoulderL"
bind/8/bone = -1
bind/8/pose = Transform3D(0.63592726, 0.012884816, 0.77164143, 0.76671904, 0.103421375, -0.63359755, -0.08796793, 0.99455434, 0.055889502, -0.0788186, -0.12193935, -1.4188813)
bind/9/name = &"DEF-upper_armL"
bind/9/bone = -1
bind/9/pose = Transform3D(-0.0053148894, -0.99998605, 0.00023323657, 0.99963516, -0.005319144, -0.026484467, 0.02648538, 9.2464856e-05, 0.9996492, 1.4465992, -0.16771524, 0.060422495)
bind/10/name = &"DEF-forearmL"
bind/10/bone = -1
bind/10/pose = Transform3D(-0.01879285, -0.9998236, -0.00027570318, 0.9996823, -0.018794771, 0.016798504, -0.016800674, 4.0148956e-05, 0.99985886, 1.4526651, -0.44171074, 0.08086769)
bind/11/name = &"DEF-handL"
bind/11/bone = -1
bind/11/pose = Transform3D(-4.6885322e-08, -1.0000002, 1.5803565e-06, 1.0000001, 1.3659689e-08, 1.12459674e-07, -6.7739414e-08, 1.6541833e-06, 1.0000001, 1.438845, -0.74992806, 0.06833349)
bind/12/name = &"DEF-f_index01L"
bind/12/bone = -1
bind/12/pose = Transform3D(-6.955597e-08, 5.898038e-06, -1.0000002, 1.0000004, 1.938011e-08, -2.483603e-08, -4.11652e-08, -1.0000004, -5.9718636e-06, -0.03744423, -0.86091053, 1.4350613)
bind/13/name = &"DEF-f_index02L"
bind/13/bone = -1
bind/13/pose = Transform3D(-8.499717e-08, 5.883649e-06, -1.0000002, 1.0000004, 1.500888e-08, -4.027725e-08, -4.553652e-08, -1.0000004, -5.9574745e-06, -0.037444193, -0.90161055, 1.4350615)
bind/14/name = &"DEF-f_index03L"
bind/14/bone = -1
bind/14/pose = Transform3D(-8.499717e-08, 5.8836495e-06, -1.0000002, 1.0000004, 1.5008881e-08, -4.027725e-08, -4.553652e-08, -1.0000004, -5.9574745e-06, -0.037444193, -0.93641067, 1.4350616)
bind/15/name = &"DEF-f_index04_tipL"
bind/15/bone = -1
bind/15/pose = Transform3D(-8.499717e-08, 5.8836495e-06, -1.0000002, 1.0000004, 1.500888e-08, -4.027725e-08, -4.553652e-08, -1.0000004, -5.957475e-06, -0.037444197, -0.9712107, 1.4350617)
bind/16/name = &"DEF-f_middle01L"
bind/16/bone = -1
bind/16/pose = Transform3D(-0.047228627, 5.901714e-06, -0.9988842, 0.99888414, 9.8555715e-09, -0.047228575, -3.318963e-07, -1.0000002, -5.969361e-06, -0.022333935, -0.8646295, 1.4374615)
bind/17/name = &"DEF-f_middle02L"
bind/17/bone = -1
bind/17/pose = Transform3D(-0.044204824, 5.8880805e-06, -0.9990226, 0.99902266, 1.044798e-08, -0.044204775, -3.1285478e-07, -1.0000002, -5.9565537e-06, -0.025079198, -0.9069053, 1.4374615)
bind/18/name = &"DEF-f_middle03L"
bind/18/bone = -1
bind/18/pose = Transform3D(-0.046461713, 5.888101e-06, -0.9989202, 0.9989202, 9.848342e-09, -0.046461664, -3.2674455e-07, -1.0000002, -5.955967e-06, -0.022953577, -0.9408928, 1.4374616)
bind/19/name = &"DEF-f_middle04_tipL"
bind/19/bone = -1
bind/19/pose = Transform3D(-7.062121e-08, 5.887897e-06, -1.0000001, 1.0000002, 2.217019e-08, -2.2384334e-08, -4.0841297e-08, -1.0000002, -5.961664e-06, -0.06822081, -0.9727074, 1.4374615)
bind/20/name = &"DEF-f_pinky01L"
bind/20/bone = -1
bind/20/pose = Transform3D(-0.067013174, 6.3714083e-06, -0.9977522, 0.99775237, -6.8792176e-09, -0.06701314, -4.9527563e-07, -1.0000002, -6.4304204e-06, -0.052024823, -0.85411584, 1.4354615)
bind/21/name = &"DEF-f_pinky02L"
bind/21/bone = -1
bind/21/pose = Transform3D(-0.06867834, 6.119221e-06, -0.997639, 0.9976391, -9.911596e-09, -0.068678305, -4.915897e-07, -1.0000002, -6.1778874e-06, -0.05053162, -0.8944921, 1.4354616)
bind/22/name = &"DEF-f_pinky03L"
bind/22/bone = -1
bind/22/pose = Transform3D(-0.06746154, 6.119202e-06, -0.997722, 0.9977223, -9.57925e-09, -0.06746151, -4.838118e-07, -1.0000002, -6.1784112e-06, -0.051656276, -0.9220954, 1.4354619)
bind/23/name = &"DEF-f_pinky04_tipL"
bind/23/bone = -1
bind/23/pose = Transform3D(-9.429037e-08, 6.118659e-06, -1.0000002, 1.0000005, 8.821713e-09, -8.245796e-08, -5.262247e-08, -1.0000002, -6.192454e-06, -0.11561085, -0.9441132, 1.4354615)
bind/24/name = &"DEF-f_ring01L"
bind/24/bone = -1
bind/24/pose = Transform3D(-0.035600305, 6.095225e-06, -0.9993662, 0.9993665, 8.498075e-09, -0.035600267, -2.7181582e-07, -1.0000002, -6.16544e-06, -0.05477021, -0.8626067, 1.437161)
bind/25/name = &"DEF-f_ring02L"
bind/25/bone = -1
bind/25/pose = Transform3D(-0.035576314, 5.842852e-06, -0.99936706, 0.99936736, 7.07021e-09, -0.035576276, -2.6411803e-07, -1.0000002, -5.9131808e-06, -0.054791503, -0.90193033, 1.4371612)
bind/26/name = &"DEF-f_ring03L"
bind/26/bone = -1
bind/26/pose = Transform3D(-0.03770882, 5.8428604e-06, -0.99928886, 0.99928916, 6.408042e-09, -0.037708778, -2.772405e-07, -1.0000002, -5.9127224e-06, -0.052800737, -0.9329648, 1.4371612)
bind/27/name = &"DEF-f_ring04_tipL"
bind/27/bone = -1
bind/27/pose = Transform3D(-8.225505e-08, 5.842869e-06, -1.0000001, 1.0000005, 1.8104195e-08, -5.30305e-08, -4.521296e-08, -1.0000002, -5.916645e-06, -0.08911003, -0.9612083, 1.4371608)
bind/28/name = &"DEF-thumb01L"
bind/28/bone = -1
bind/28/pose = Transform3D(0.48980704, 0.8718309, -0.0006919418, 0.7947967, -0.4462017, 0.4113426, 0.35831228, -0.20202848, -0.9114807, -1.6152674, 0.028391773, -0.024069875)
bind/29/name = &"DEF-thumb02L"
bind/29/bone = -1
bind/29/pose = Transform3D(0.4776946, 0.8784987, -0.0069698514, 0.80746865, -0.43591782, 0.39745516, 0.34612536, -0.19549014, -0.9175953, -1.61486, -0.039522093, -0.023418289)
bind/30/name = &"DEF-thumb03L"
bind/30/bone = -1
bind/30/pose = Transform3D(0.52851844, 0.8486884, 0.019920837, 0.76272815, -0.48502797, 0.42777848, 0.37271258, -0.21089463, -0.9036643, -1.617291, 0.015209605, -0.024950717)
bind/31/name = &"DEF-thumb_04_tipL"
bind/31/bone = -1
bind/31/pose = Transform3D(0.5020367, 0.8644343, -0.02670567, 0.8251678, -0.46952906, 0.31407246, 0.2589557, -0.17971253, -0.9490236, -1.6139607, -0.10573079, 0.035022225)
bind/32/name = &"DEF-shoulderR"
bind/32/bone = -1
bind/32/pose = Transform3D(0.6359272, -0.012884827, -0.7716415, -0.766719, 0.103421316, -0.63359743, 0.08796792, 0.9945543, 0.055889446, 0.07881862, -0.12193928, -1.4188813)
bind/33/name = &"DEF-upper_armR"
bind/33/bone = -1
bind/33/pose = Transform3D(-0.0053149103, 0.999986, -0.00023320565, -0.99963486, -0.0053191814, -0.026484163, -0.026485195, 9.243024e-05, 0.9996491, -1.4465991, -0.16771516, 0.060422573)
bind/34/name = &"DEF-forearmR"
bind/34/bone = -1
bind/34/pose = Transform3D(-0.018792918, 0.9998235, 0.00027573807, -0.999682, -0.018794857, 0.016798807, 0.01680085, 4.0116956e-05, 0.9998586, -1.452665, -0.4417105, 0.08086776)
bind/35/name = &"DEF-handR"
bind/35/bone = -1
bind/35/pose = Transform3D(-1.1439802e-07, 1.0000002, -1.5485089e-06, -0.9999999, -6.94117e-08, 4.1820277e-07, 2.4536055e-07, 1.6180198e-06, 0.99999994, -1.438845, -0.7499277, 0.068333566)
bind/36/name = &"DEF-f_index01R"
bind/36/bone = -1
bind/36/pose = Transform3D(1.08065755e-07, -5.934201e-06, 1, -1, -6.941193e-08, 2.8090713e-07, 1.1439721e-07, -1.0000002, -6.0037096e-06, 0.037444305, -0.86091, 1.4350611)
bind/37/name = &"DEF-f_index02R"
bind/37/bone = -1
bind/37/pose = Transform3D(9.6349886e-08, -6.0103425e-06, 1, -1, -7.1742264e-08, 2.6919122e-07, 1.16727605e-07, -1.0000002, -6.079851e-06, 0.03744441, -0.90161, 1.4350611)
bind/38/name = &"DEF-f_index03R"
bind/38/bone = -1
bind/38/pose = Transform3D(9.6349886e-08, -6.0103425e-06, 1, -1, -7.1742264e-08, 2.6919122e-07, 1.16727605e-07, -1.0000002, -6.079851e-06, 0.037444413, -0.93640995, 1.4350611)
bind/39/name = &"DEF-f_index04_tipR"
bind/39/bone = -1
bind/39/pose = Transform3D(9.634989e-08, -6.0103425e-06, 1, -1, -7.1742264e-08, 2.6919122e-07, 1.16727605e-07, -1.0000002, -6.079851e-06, 0.037444416, -0.9712099, 1.4350612)
bind/40/name = &"DEF-f_middle01R"
bind/40/bone = -1
bind/40/pose = Transform3D(-0.047228422, -5.9415115e-06, 0.998884, -0.99888384, -7.406333e-08, -0.04722825, 4.0202627e-07, -1.0000002, -6.000834e-06, 0.022334034, -0.8646291, 1.4374614)
bind/41/name = &"DEF-f_middle02R"
bind/41/bone = -1
bind/41/pose = Transform3D(-0.04420464, -6.014939e-06, 0.9990225, -0.9990223, -7.354328e-08, -0.044204466, 3.8679696e-07, -1.0000002, -6.075259e-06, 0.025079407, -0.90690476, 1.4374614)
bind/42/name = &"DEF-f_middle03R"
bind/42/bone = -1
bind/42/pose = Transform3D(-0.046461534, -6.0149814e-06, 0.99892, -0.99891984, -7.405319e-08, -0.04646136, 4.0087582e-07, -1.0000002, -6.0744956e-06, 0.022953788, -0.9408923, 1.4374614)
bind/43/name = &"DEF-f_middle04_tipR"
bind/43/bone = -1
bind/43/pose = Transform3D(1.00777655e-07, -6.0142165e-06, 0.99999994, -0.9999998, -6.349017e-08, 2.8241507e-07, 1.1092696e-07, -1.0000002, -6.083667e-06, 0.06822101, -0.9727068, 1.437461)
bind/44/name = &"DEF-f_pinky01R"
bind/44/bone = -1
bind/44/pose = Transform3D(-0.067012995, -6.4137625e-06, 0.9977521, -0.99775195, -9.520892e-08, -0.067012824, 5.707145e-07, -1.0000002, -6.4624423e-06, 0.052024912, -0.85411537, 1.4354614)
bind/45/name = &"DEF-f_pinky02R"
bind/45/bone = -1
bind/45/pose = Transform3D(-0.06867813, -6.2464624e-06, 0.9976389, -0.99763876, -9.4394174e-08, -0.06867797, 5.690808e-07, -1.0000002, -6.2947083e-06, 0.05053184, -0.8944916, 1.4354615)
bind/46/name = &"DEF-f_pinky03R"
bind/46/bone = -1
bind/46/pose = Transform3D(-0.067461334, -6.246435e-06, 0.997722, -0.99772197, -9.4113524e-08, -0.06746117, 5.61206e-07, -1.0000002, -6.2953322e-06, 0.051656503, -0.92209494, 1.4354618)
bind/47/name = &"DEF-f_pinky04_tipR"
bind/47/bone = -1
bind/47/pose = Transform3D(1.06406894e-07, -6.2450645e-06, 1.0000001, -1.0000001, -7.836788e-08, 2.702961e-07, 1.2428131e-07, -1.0000002, -6.3145408e-06, 0.11561105, -0.9441126, 1.4354615)
bind/48/name = &"DEF-f_ring01R"
bind/48/bone = -1
bind/48/pose = Transform3D(-0.035600122, -6.13451e-06, 0.999366, -0.99936587, -7.717967e-08, -0.035599947, 3.4328187e-07, -1, -6.1973324e-06, 0.054770283, -0.862606, 1.4371607)
bind/49/name = &"DEF-f_ring02R"
bind/49/bone = -1
bind/49/pose = Transform3D(-0.035576124, -5.97011e-06, 0.9993669, -0.99936676, -7.856186e-08, -0.035575952, 3.386673e-07, -1, -6.032994e-06, 0.054791708, -0.9019297, 1.437161)
bind/50/name = &"DEF-f_ring03R"
bind/50/bone = -1
bind/50/pose = Transform3D(-0.037708633, -5.970151e-06, 0.99928874, -0.99928856, -7.914001e-08, -0.037708458, 3.5197175e-07, -1, -6.032379e-06, 0.052800935, -0.9329641, 1.4371611)
bind/51/name = &"DEF-f_ring04_tipR"
bind/51/bone = -1
bind/51/pose = Transform3D(8.936279e-08, -5.9694958e-06, 1, -0.99999994, -6.887089e-08, 2.679105e-07, 1.1663216e-07, -1, -6.0389534e-06, 0.08911022, -0.96120757, 1.437161)
bind/52/name = &"DEF-thumb01R"
bind/52/bone = -1
bind/52/pose = Transform3D(0.48980677, -0.8718309, 0.00069183926, -0.7947964, -0.44620153, 0.41134244, -0.35831213, -0.20202835, -0.9114805, 1.615267, 0.028391687, -0.024069859)
bind/53/name = &"DEF-thumb02R"
bind/53/bone = -1
bind/53/pose = Transform3D(0.47769445, -0.8784985, 0.006969692, -0.8074682, -0.43591776, 0.39745504, -0.34612522, -0.19549003, -0.917595, 1.6148595, -0.03952177, -0.023418237)
bind/54/name = &"DEF-thumb03R"
bind/54/bone = -1
bind/54/pose = Transform3D(0.52851826, -0.84868836, -0.019920956, -0.76272774, -0.48502785, 0.42777836, -0.37271246, -0.21089454, -0.903664, 1.6172903, 0.015209745, -0.024950601)
bind/55/name = &"DEF-thumb04_tipR"
bind/55/bone = -1
bind/55/pose = Transform3D(0.5020366, -0.8644343, 0.026705526, -0.8251673, -0.46952888, 0.31407246, -0.2589557, -0.17971247, -0.9490232, 1.6139599, -0.105730556, 0.03502232)
bind/56/name = &"DEF-thighL"
bind/56/bone = -1
bind/56/pose = Transform3D(1, 1.1862604e-08, 2.3294389e-07, 1.615661e-09, -0.99903405, 0.043939695, 2.3323986e-07, -0.043939635, -0.99903274, -0.08899999, 0.9311382, 0.042354606)
bind/57/name = &"DEF-shinL"
bind/57/bone = -1
bind/57/pose = Transform3D(1, 4.091789e-05, -0.00025929764, 1.7193548e-08, -0.98778707, -0.1558087, -0.00026250663, 0.15580903, -0.9877858, -0.089016505, 0.5224467, -0.06287996)
bind/58/name = &"DEF-footL"
bind/58/bone = -1
bind/58/pose = Transform3D(0.9999995, 0.0009215501, 0.00047252313, -4.116725e-08, -0.45623082, 0.88986033, 0.0010356322, -0.8898609, -0.45622993, -0.089067444, 0.08761098, 0.065078646)
bind/59/name = &"DEF-toeL"
bind/59/bone = -1
bind/59/pose = Transform3D(-0.99999994, -4.9674196e-07, -2.0639497e-08, -1.1349281e-10, -0.041559007, 0.99913484, -4.9737884e-07, 0.99913585, 0.0415588, 0.08899999, -0.11246978, -0.019891217)
bind/60/name = &"DEF-toe_tipL"
bind/60/bone = -1
bind/60/pose = Transform3D(-0.99999994, -3.8956628e-07, 5.072412e-09, -3.0977107e-10, 0.013436975, 0.9999086, -3.897998e-07, 0.99990964, -0.013437127, 0.08899999, -0.19955035, -0.008933337)
bind/61/name = &"DEF-thighR"
bind/61/bone = -1
bind/61/pose = Transform3D(1, -8.634444e-09, -2.3308569e-07, 1.6156001e-09, -0.99903405, 0.043939695, -2.3323965e-07, -0.043939635, -0.99903274, 0.08899998, 0.9311382, 0.042354606)
bind/62/name = &"DEF-shinR"
bind/62/bone = -1
bind/62/pose = Transform3D(1, -4.0917883e-05, 0.00025929764, -1.7193134e-08, -0.98778707, -0.15580869, 0.00026250663, 0.15580902, -0.9877858, 0.08901649, 0.5224467, -0.06287995)
bind/63/name = &"DEF-footR"
bind/63/bone = -1
bind/63/pose = Transform3D(0.9999995, -0.0009215501, -0.0004725231, 4.1170548e-08, -0.45623082, 0.88986033, -0.0010356322, -0.8898609, -0.4562299, 0.08906744, 0.087610975, 0.065078646)
bind/64/name = &"DEF-toeR"
bind/64/bone = -1
bind/64/pose = Transform3D(-0.99999994, 4.967447e-07, 2.0628669e-08, 1.02546714e-10, -0.041558992, 0.99913484, 4.9738117e-07, 0.99913585, 0.041558784, -0.08899998, -0.112469785, -0.019891217)
bind/65/name = &"DEF-toe_tipR"
bind/65/bone = -1
bind/65/pose = Transform3D(-0.99999994, 3.8956898e-07, -5.08324e-09, 2.9896965e-10, 0.013436991, 0.9999086, 3.8980272e-07, 0.99990964, -0.013437142, -0.08899997, -0.19955036, -0.0089333365)

[sub_resource type="AnimationLibrary" id="AnimationLibrary_ki841"]
_data = {
&"Player_Crouch_Idle": ExtResource("10_koxp4"),
&"Player_Crouch_Walk": ExtResource("11_3cq5f"),
&"Player_Idle": ExtResource("6_koxp4"),
&"Player_Jump_Loop": ExtResource("8_qvnod"),
&"Player_Jump_Start": ExtResource("9_nk7ye"),
&"Player_Sprint": ExtResource("7_uvpqg"),
&"Player_Walk": ExtResource("7_qvnod"),
&"Player_Walk_Formal": ExtResource("6_ipmnv")
}

[node name="Player_Character" type="CharacterBody3D" unique_id=1452749356 node_paths=PackedStringArray("head", "perspective_handler", "collider")]
script = ExtResource("1_fxl4k")
look_sensitivity = 1.0
mapped_inputs = Dictionary[String, String]({
"backward": "move_backward",
"crouch": "crouch",
"forward": "move_forward",
"jump": "jump",
"left": "move_left",
"look_down": "look_down",
"look_left": "look_left",
"look_right": "look_right",
"look_up": "look_up",
"noclip": "noclip",
"right": "move_right",
"sprint": "sprint",
"zoom_in": "zoom_in",
"zoom_out": "zoom_out"
})
head = NodePath("Head")
perspective_handler = NodePath("Head/SpringArm3D/Camera3D/Perspective_Handler")
collider = NodePath("Collider")

[node name="Collider" type="CollisionShape3D" parent="." unique_id=319768696]
shape = SubResource("CapsuleShape3D_fxl4k")

[node name="Head" type="Node3D" parent="." unique_id=705517481]
transform = Transform3D(1, 0, 0, 0, 1, 0, 0, 0, 1, 0, 0.65, 0)
top_level = true

[node name="SpringArm3D" type="SpringArm3D" parent="Head" unique_id=2081196341]
transform = Transform3D(1, 0, 0, 0, 1, 0, 0, 0, 1, 0, 0, 5.9604645e-08)
shape = SubResource("SphereShape3D_v31l3")
spring_length = 0.0
margin = 1.0

[node name="Camera3D" type="Camera3D" parent="Head/SpringArm3D" unique_id=607524003]

[node name="Camera_Motion_Handler" type="Node" parent="Head/SpringArm3D/Camera3D" unique_id=1558316522 node_paths=PackedStringArray("physics_body")]
script = ExtResource("2_we36x")
physics_body = NodePath("../../../..")
horizontal_intensity = 0.075
vertical_intensity = 0.025
rotational_intensity = 0.01

[node name="Perspective_Handler" type="Node" parent="Head/SpringArm3D/Camera3D" unique_id=977018739 node_paths=PackedStringArray("player_main", "player_mesh", "head")]
script = ExtResource("3_v31l3")
player_main = NodePath("../../../..")
player_mesh = NodePath("../../../../Skeleton3D/Skinned Mesh 0")
head = NodePath("../../..")

[node name="AnimationTree" type="AnimationTree" parent="." unique_id=696195708]
tree_root = SubResource("AnimationNodeStateMachine_3cq5f")
advance_expression_base_node = NodePath("..")
anim_player = NodePath("../Skeleton3D/AnimationPlayer")
"parameters/Crouch Walk/Character_Speed_Scale/scale" = 1.0
parameters/Sprint/Character_Speed_Scale/scale = 1.0
parameters/Walk/Character_Speed_Scale/scale = 1.0

[node name="Speed_Scaler" type="Node" parent="AnimationTree" unique_id=474388801 node_paths=PackedStringArray("animation_tree")]
script = ExtResource("7_aucui")
animation_tree = NodePath("..")

[node name="Crouch_Handler" type="Node" parent="." unique_id=2077414255 node_paths=PackedStringArray("camera")]
script = ExtResource("13_3cq5f")
camera = NodePath("../Head/SpringArm3D/Camera3D")

[node name="Sprint_Handler" type="Node" parent="." unique_id=647841632]
script = ExtResource("14_3heh4")

[node name="MovementSounds3D" type="AudioStreamPlayer3D" parent="." unique_id=1287824167]
transform = Transform3D(1, 0, 0, 0, 1, 0, 0, 0, 1, 0, -1, 0)
stream = SubResource("AudioStreamRandomizer_owrl4")
attenuation_model = 1
volume_db = -8.0
unit_size = 4.0
script = ExtResource("2_owrl4")
raycast_length = 0.15
sound_set = ExtResource("3_urfmw")
speed_volume_influence = 1.15

[node name="Skeleton3D" type="Skeleton3D" parent="." unique_id=1677711177]
transform = Transform3D(-1, 0, 8.742278e-08, 0, 1, 0, -8.742278e-08, 0, -1, 0, -1, 0)
bones/0/name = "root"
bones/0/parent = -1
bones/0/rest = Transform3D(1, 0, 0, 0, 0, 1, 0, -1, 0, 0, 0, 0)
bones/0/enabled = true
bones/0/position = Vector3(0, 0, 0)
bones/0/rotation = Quaternion(-0.70710677, 0, 0, 0.70710677)
bones/0/scale = Vector3(1, 1, 1)
bones/0/bone_meta/extras = {
"name": "root"
}
bones/1/name = "DEF-hips"
bones/1/parent = 0
bones/1/rest = Transform3D(0.99919283, 0.036301732, 0.017202321, 0.02570899, -0.2488265, -0.96820676, -0.03086719, 0.9678675, -0.24955893, 0.0006191333, 0.04993794, 0.8889972)
bones/1/enabled = true
bones/1/position = Vector3(0.0044243746, 0.08770168, 0.8727512)
bones/1/rotation = Quaternion(0.7618436, -0.088985786, -0.074437186, 0.6372872)
bones/1/scale = Vector3(1, 0.99999994, 0.99999994)
bones/1/bone_meta/extras = {
"name": "DEF-hips"
}
bones/2/name = "DEF-spine001"
bones/2/parent = 1
bones/2/rest = Transform3D(1, 3.695752e-09, 2.1009615e-07, -3.079544e-08, 0.99162704, 0.12913436, -2.0785978e-07, -0.12913434, 0.9916271, -3.3999728e-16, 0.10397314, 5.5879354e-09)
bones/2/enabled = true
bones/2/position = Vector3(-3.3999728e-16, 0.10397314, 5.5879354e-09)
bones/2/rotation = Quaternion(-0.06470276, 1.04708384e-07, -8.640905e-09, 0.9979046)
bones/2/scale = Vector3(1, 0.9999999, 1)
bones/2/bone_meta/extras = {
"name": "DEF-spine.001"
}
bones/3/name = "DEF-spine002"
bones/3/parent = 2
bones/3/rest = Transform3D(0.9996956, -0.021397451, 0.012282619, 0.020186933, 0.995609, 0.091406226, -0.014184548, -0.09113045, 0.9957379, 1.3330509e-15, 0.12403497, -1.1175871e-08)
bones/3/enabled = true
bones/3/position = Vector3(1.3330509e-15, 0.12403497, -1.1175871e-08)
bones/3/rotation = Quaternion(-0.026907112, 0.00011652011, 0.00012338783, 0.99963796)
bones/3/scale = Vector3(1, 0.9999999, 0.99999994)
bones/3/bone_meta/extras = {
"name": "DEF-spine.002"
}
bones/4/name = "DEF-spine003"
bones/4/parent = 3
bones/4/rest = Transform3D(0.99938923, -0.00026280366, 0.034944445, 0.006849113, 0.98205036, -0.18849467, -0.03426767, 0.1886189, 0.9814522, -2.9745595e-16, 0.14127187, -9.313226e-10)
bones/4/enabled = true
bones/4/position = Vector3(-2.9745595e-16, 0.14127187, -9.313226e-10)
bones/4/rotation = Quaternion(0.15066285, 0.0003189513, 0.00039478578, 0.9885851)
bones/4/scale = Vector3(1, 1, 0.9999999)
bones/4/bone_meta/extras = {
"name": "DEF-spine.003"
}
bones/5/name = "DEF-neck"
bones/5/parent = 4
bones/5/rest = Transform3D(0.99973834, -0.006298333, -0.021992303, 0.0041734553, 0.9954339, -0.09536118, 0.022492506, 0.09524444, 0.99519974, -4.9984414e-15, 0.17480099, 1.1175871e-08)
bones/5/enabled = true
bones/5/position = Vector3(-4.9984414e-15, 0.17480099, 1.1175871e-08)
bones/5/rotation = Quaternion(0.010495327, -0.00024084427, -0.00023862859, 0.99994487)
bones/5/scale = Vector3(1, 0.99999994, 0.99999994)
bones/5/bone_meta/extras = {
"name": "DEF-neck"
}
bones/6/name = "DEF-head"
bones/6/parent = 5
bones/6/rest = Transform3D(0.99974155, -0.004036565, -0.02237239, 0.005363906, 0.99820846, 0.059590686, 0.022091765, -0.059695285, 0.9979722, 1.8347462e-15, 0.13206439, 5.6810677e-08)
bones/6/enabled = true
bones/6/position = Vector3(1.8347462e-15, 0.13206439, 5.6810677e-08)
bones/6/rotation = Quaternion(-0.014218776, 0.09600105, -0.0030595034, 0.995275)
bones/6/scale = Vector3(1, 0.99999994, 1)
bones/6/bone_meta/extras = {
"name": "DEF-head"
}
bones/7/name = "DEF-headtip"
bones/7/parent = 6
bones/7/rest = Transform3D(0.9955216, -0.022213321, -0.09188763, 0.016584158, 0.9979645, -0.061577592, 0.09306844, 0.05977794, 0.9938636, 1.0647323e-15, 0.06980982, -1.8626451e-09)
bones/7/enabled = true
bones/7/position = Vector3(1.0647323e-15, 0.06980982, -1.8626451e-09)
bones/7/rotation = Quaternion(0.030386975, -0.046312314, 0.009714744, 0.99841744)
bones/7/scale = Vector3(1, 1, 1)
bones/7/bone_meta/extras = {
"name": "DEF-head.tip"
}
bones/8/name = "DEF-shoulderL"
bones/8/parent = 4
bones/8/rest = Transform3D(0.57110554, 0.8208765, 0.0005508774, -0.0266864, 0.017895699, 0.99948364, 0.82044274, -0.57082534, 0.03212657, 0.01879997, 0.123129345, 0.105539314)
bones/8/enabled = true
bones/8/position = Vector3(0.01879997, 0.123129345, 0.105539314)
bones/8/rotation = Quaternion(-0.607039, -0.36834267, -0.39899006, 0.580202)
bones/8/scale = Vector3(1, 1, 0.99999994)
bones/8/bone_meta/extras = {
"name": "DEF-shoulder.L"
}
bones/9/name = "DEF-upper_armL"
bones/9/parent = 8
bones/9/rest = Transform3D(-0.49671623, 0.2137761, 0.84117347, -0.798822, 0.26633883, -0.5393951, -0.33934695, -0.939874, 0.03847424, -1.3038516e-08, 0.20208465, 6.775372e-08)
bones/9/enabled = true
bones/9/position = Vector3(-1.3038516e-08, 0.20208465, 6.775372e-08)
bones/9/rotation = Quaternion(-0.26491416, 0.6709471, -0.51219594, 0.46616068)
bones/9/scale = Vector3(0.99999994, 0.9999998, 1)
bones/9/bone_meta/extras = {
"name": "DEF-upper_arm.L"
}
bones/10/name = "DEF-forearmL"
bones/10/parent = 9
bones/10/rest = Transform3D(0.9546212, 0.19982767, 0.22083323, -0.08380278, 0.891763, -0.44467497, -0.28578925, 0.4059897, 0.868042, 5.882066e-08, 0.29659474, 2.6921043e-09)
bones/10/enabled = true
bones/10/position = Vector3(5.882066e-08, 0.29659474, 2.6921043e-09)
bones/10/rotation = Quaternion(0.27591607, 0.019300753, 0.0020812561, 0.9609858)
bones/10/scale = Vector3(1, 0.99999994, 1)
bones/10/bone_meta/extras = {
"name": "DEF-forearm.L"
}
bones/11/name = "DEF-handL"
bones/11/parent = 10
bones/11/rest = Transform3D(0.9986003, 0.05239333, 0.0072315913, -0.04968981, 0.9762059, -0.21107563, -0.018118478, 0.21042088, 0.97744286, -6.9987436e-08, 0.27978826, 4.4092303e-09)
bones/11/enabled = true
bones/11/position = Vector3(-6.9987436e-08, 0.27978826, 4.4092303e-09)
bones/11/rotation = Quaternion(0.106008776, 0.0063756974, -0.025674568, 0.99401325)
bones/11/scale = Vector3(0.99999994, 0.99999994, 0.9999999)
bones/11/bone_meta/extras = {
"name": "DEF-hand.L"
}
bones/12/name = "DEF-f_index01L"
bones/12/parent = 11
bones/12/rest = Transform3D(-7.3909755e-06, 0.9782952, 0.20721507, 2.980232e-08, 0.20721503, -0.97829545, -0.99999994, -7.2243806e-06, -1.560677e-06, 0.0037835306, 0.110982254, 0.030899983)
bones/12/enabled = true
bones/12/position = Vector3(0.0037835306, 0.110982254, 0.030899983)
bones/12/rotation = Quaternion(0.44519052, 0.5493689, -0.44519398, 0.54936475)
bones/12/scale = Vector3(0.99999994, 0.99999976, 1)
bones/12/bone_meta/extras = {
"name": "DEF-f_index01.L"
}
bones/13/name = "DEF-f_index02L"
bones/13/parent = 12
bones/13/rest = Transform3D(1, -5.8452554e-07, -1.7623128e-07, -4.1512493e-08, 0.22289091, -0.9748434, 6.091012e-07, 0.9748434, 0.22289091, -1.695903e-09, 0.04070005, -1.2281699e-07)
bones/13/enabled = true
bones/13/position = Vector3(-1.695903e-09, 0.04070005, -1.2281699e-07)
bones/13/rotation = Quaternion(0.6233419, -6.0926325e-08, 2.7386582e-07, 0.7819494)
bones/13/scale = Vector3(1, 1, 1)
bones/13/bone_meta/extras = {
"name": "DEF-f_index02.L"
}
bones/14/name = "DEF-f_index03L"
bones/14/parent = 13
